[pattern9.jpg]
filters=radsat=1,0.470948,0.011952,1.000000,0.000000;
moddate=5b00f15e04b7cf01
width=1900
height=1459
textactive=0
